-29.25 -41.24 -24.25 7.13 -13.67
-22.24 15.35 3.19 -18.71 -6.88
20.68 -31.10 -34.15 21.64 3.43
47.26 8.13 13.60 26.68 22.38
-35.34 -41.77 46.78 -6.28 29.93
-12.73 -22.07 -4.43 25.79 22.15
-41.48 13.26 29.56 -12.03 35.28
31.77 25.43 49.35 0.73 11.53
9.63 42.28 42.38 -13.34 -44.52
41.62 -40.36 18.59 -34.10 23.11
-28.56 -11.89 -46.72 -29.14 -10.88
-10.07 44.80 48.24 36.64 9.09
-11.92 -4.26 -16.35 -19.40 46.00
29.12 16.95 28.44 -38.33 36.60
-10.48 4.80 25.52 1.78 -32.82
13.74 -45.61 -26.00 -14.29 -43.84
30.14 25.69 8.36 -36.03 39.26
14.05 24.88 -23.79 -44.95 31.13
-33.47 33.39 44.68 -5.75 -20.79
17.12 48.18 3.76 43.58 -35.66
-5.57 17.01 -46.12 37.85 -44.90
-45.87 -30.84 46.43 -4.91 -26.68
-10.86 -10.62 33.01 21.67 -41.57
-16.95 14.13 -10.76 -24.06 20.87
